world: a798a21c-cac4-4496-b685-2f70b3cc85e1
world-name: flat
x: -134.5
y: 78.0
z: -465.5
yaw: 179.99769592285156
pitch: 0.039381735026836395
name: spawn
lastowner: 5b7a1960-578e-40f9-8690-505da4df0c56
