world: ca82709d-4280-42e0-b470-b161f1fb21e6
world-name: world
x: 1.030760940336514
y: 101.0
z: 2.1566801078154314
yaw: -3.042724609375
pitch: 19.802385330200195
name: world
lastowner: 5b7a1960-578e-40f9-8690-505da4df0c56
